,n,c0,c0_val,c1,c1_val
0,3,90,6,90,6
1,4,116,10,116,10
2,5,142,15,142,15
3,6,168,21,168,21
4,7,194,28,194,28
5,8,220,36,220,36
6,9,246,45,246,45
7,10,272,55,272,55
8,11,298,66,298,66
9,12,324,78,324,78
10,13,350,91,350,91
11,14,376,105,376,105
12,15,402,120,402,120
13,16,428,136,428,136
14,17,454,153,454,153
15,18,480,171,480,171
16,19,506,190,506,190
17,20,532,210,532,210
18,21,558,231,558,231
19,22,584,253,584,253
20,23,610,276,610,276
21,24,636,300,636,300
22,25,662,325,662,325
23,26,688,351,695,351
24,27,714,378,721,378
25,28,740,406,825,406
26,29,766,435,851,435
27,30,792,465,877,465
28,31,818,496,981,496
29,32,844,528,1007,528
30,33,870,561,1033,561
31,34,896,595,1137,595
32,35,922,630,1163,630
33,36,948,666,1189,666
34,37,974,703,1293,703
35,38,1000,741,1319,741
36,39,1026,780,1345,780
37,40,1052,820,1449,820
38,41,1078,861,1475,861
39,42,1104,903,1579,903
40,43,1130,946,1605,946
41,44,1156,990,1631,990
42,45,1182,1035,1750,1035
43,46,1208,1081,1776,1081
44,47,1234,1128,1899,1128
45,48,1260,1176,1925,1176
46,49,1286,1225,2048,1225
47,50,1312,1275,2074,1275
48,51,1338,1326,2197,1326
49,52,1364,1378,2223,1378
50,53,1390,1431,2346,1431
51,54,1416,1485,2372,1485
52,55,1442,1540,2495,1540
53,56,1468,1596,2521,1596
54,57,1494,1653,2644,1653
55,58,1520,1711,2670,1711
56,59,1546,1770,2793,1770
57,60,1572,1830,2819,1830
58,61,1598,1891,2942,1891
59,62,1624,1953,2968,1953
60,63,1650,2016,3091,2016
61,64,1676,2080,3117,2080
62,65,1702,2145,3240,2145
63,66,1728,2211,3266,2211
64,67,1754,2278,3389,2278
65,68,1780,2346,3415,2346
66,69,1806,2415,3538,2415
67,70,1832,2485,3564,2485
68,71,1858,2556,3687,2556
69,72,1884,2628,3713,2628
70,73,1910,2701,3836,2701
71,74,1936,2775,3862,2775
72,75,1962,2850,3985,2850
73,76,1988,2926,4011,2926
74,77,2014,3003,4134,3003
75,78,2040,3081,4160,3081
76,79,2066,3160,4283,3160
77,80,2092,3240,4309,3240
78,81,2118,3321,4432,3321
79,82,2144,3403,4458,3403
80,83,2170,3486,4581,3486
81,84,2196,3570,4607,3570
82,85,2222,3655,4730,3655
83,86,2248,3741,4756,3741
84,87,2274,3828,4879,3828
85,88,2300,3916,4905,3916
86,89,2326,4005,5028,4005
87,90,2352,4095,5054,4095
88,91,2378,4186,5177,4186
89,92,2404,4278,5203,4278
90,93,2430,4371,5326,4371
91,94,2456,4465,5352,4465
92,95,2482,4560,5475,4560
93,96,2508,4656,5501,4656
94,97,2534,4753,5624,4753
95,98,2560,4851,5650,4851
96,99,2586,4950,5773,4950
97,100,2612,5050,5799,5050
98,101,2638,5151,5922,5151
99,102,2664,5253,5948,5253
100,103,2690,5356,6071,5356
101,104,2716,5460,6097,5460
102,105,2742,5565,6220,5565
103,106,2768,5671,6246,5671
104,107,2794,5778,6369,5778
105,108,2820,5886,6395,5886
106,109,2846,5995,6518,5995
107,110,2872,6105,6544,6105
108,111,2898,6216,6667,6216
109,112,2924,6328,6693,6328
110,113,2950,6441,6816,6441
111,114,2976,6555,6842,6555
112,115,3002,6670,6965,6670
113,116,3028,6786,6991,6786
114,117,3054,6903,7114,6903
115,118,3080,7021,7140,7021
116,119,3106,7140,7263,7140
117,120,3132,7260,7289,7260
118,121,3158,7381,7412,7381
119,122,3184,7503,7438,7503
120,123,3210,7626,7561,7626
121,124,3236,7750,7587,7750
122,125,3262,7875,7710,7875
123,126,3288,8001,7736,8001
124,127,3314,8128,7859,8128
125,128,3340,8256,7885,8256
126,129,3366,8385,8008,8385
127,130,3392,8515,8034,8515
128,131,3418,8646,8157,8646
129,132,3444,8778,8183,8778
130,133,3470,8911,8306,8911
131,134,3496,9045,8332,9045
132,135,3522,9180,8455,9180
133,136,3548,9316,8481,9316
134,137,3574,9453,8604,9453
135,138,3600,9591,8630,9591
136,139,3626,9730,8753,9730
137,140,3652,9870,8779,9870
138,141,3678,10011,8902,10011
139,142,3704,10153,8928,10153
140,143,3730,10296,9051,10296
141,144,3756,10440,9077,10440
142,145,3782,10585,9200,10585
143,146,3808,10731,9226,10731
144,147,3834,10878,9349,10878
145,148,3860,11026,9375,11026
146,149,3886,11175,9498,11175
147,150,3912,11325,9524,11325
148,151,3938,11476,9647,11476
149,152,3964,11628,9673,11628
150,153,3990,11781,9796,11781
151,154,4016,11935,9822,11935
152,155,4042,12090,9945,12090
153,156,4068,12246,9971,12246
154,157,4094,12403,10094,12403
155,158,4120,12561,10120,12561
156,159,4146,12720,10243,12720
157,160,4172,12880,10269,12880
158,161,4198,13041,10392,13041
159,162,4224,13203,10418,13203
160,163,4250,13366,10541,13366
161,164,4276,13530,10567,13530
162,165,4302,13695,10690,13695
163,166,4328,13861,10716,13861
164,167,4354,14028,10839,14028
165,168,4380,14196,10865,14196
166,169,4406,14365,10988,14365
167,170,4432,14535,11014,14535
168,171,4458,14706,11137,14706
169,172,4484,14878,11163,14878
170,173,4510,15051,11286,15051
171,174,4536,15225,11312,15225
172,175,4562,15400,11435,15400
173,176,4588,15576,11461,15576
174,177,4614,15753,11584,15753
175,178,4640,15931,11610,15931
176,179,4666,16110,11733,16110
177,180,4692,16290,11759,16290
178,181,4718,16471,11882,16471
179,182,4744,16653,11908,16653
180,183,4770,16836,12031,16836
181,184,4796,17020,12057,17020
182,185,4822,17205,12180,17205
183,186,4848,17391,12206,17391
184,187,4874,17578,12329,17578
185,188,4900,17766,12355,17766
186,189,4926,17955,12478,17955
187,190,4952,18145,12504,18145
188,191,4978,18336,12627,18336
189,192,5004,18528,12653,18528
190,193,5030,18721,12776,18721
191,194,5056,18915,12802,18915
192,195,5082,19110,12925,19110
193,196,5108,19306,12951,19306
194,197,5134,19503,13074,19503
195,198,5160,19701,13100,19701
196,199,5186,19900,13223,19900
197,200,5212,20100,13249,20100
198,201,5238,20301,13372,20301
199,202,5264,20503,13398,20503
200,203,5290,20706,13521,20706
201,204,5316,20910,13547,20910
202,205,5342,21115,13670,21115
203,206,5368,21321,13696,21321
204,207,5394,21528,13819,21528
205,208,5420,21736,13845,21736
206,209,5446,21945,13968,21945
207,210,5472,22155,13994,22155
208,211,5498,22366,14117,22366
209,212,5524,22578,14143,22578
210,213,5550,22791,14266,22791
211,214,5576,23005,14292,23005
212,215,5602,23220,14415,23220
213,216,5628,23436,14441,23436
214,217,5654,23653,14564,23653
215,218,5680,23871,14590,23871
216,219,5706,24090,14713,24090
217,220,5732,24310,14739,24310
218,221,5758,24531,14862,24531
219,222,5784,24753,14888,24753
220,223,5810,24976,15011,24976
221,224,5836,25200,15037,25200
222,225,5862,25425,15160,25425
223,226,5888,25651,15186,25651
224,227,5914,25878,15309,25878
225,228,5940,26106,15335,26106
226,229,5966,26335,15458,26335
227,230,5992,26565,15484,26565
228,231,6018,26796,15607,26796
229,232,6044,27028,15633,27028
230,233,6070,27261,15756,27261
231,234,6096,27495,15782,27495
232,235,6122,27730,15905,27730
233,236,6148,27966,15931,27966
234,237,6174,28203,16054,28203
235,238,6200,28441,16080,28441
236,239,6226,28680,16203,28680
237,240,6252,28920,16229,28920
238,241,6278,29161,16352,29161
239,242,6304,29403,16378,29403
240,243,6330,29646,16501,29646
241,244,6356,29890,16527,29890
242,245,6382,30135,16650,30135
243,246,6408,30381,16676,30381
244,247,6434,30628,16799,30628
245,248,6460,30876,16825,30876
246,249,6486,31125,16948,31125
247,250,6512,31375,16974,31375
248,251,6538,31626,17097,31626
249,252,6564,31878,17123,31878
250,253,6590,32131,17246,32131
251,254,6616,32385,17272,32385
252,255,6642,32640,17395,32640
253,256,6668,32896,17421,32896
254,257,6694,33153,17544,33153
255,258,6720,33411,17570,33411
256,259,6746,33670,17693,33670
257,260,6772,33930,17719,33930
258,261,6798,34191,17842,34191
259,262,6824,34453,17868,34453
260,263,6850,34716,17991,34716
261,264,6876,34980,18017,34980
262,265,6902,35245,18140,35245
263,266,6928,35511,18166,35511
264,267,6954,35778,18289,35778
265,268,6980,36046,18315,36046
266,269,7006,36315,18438,36315
267,270,7032,36585,18464,36585
268,271,7058,36856,18587,36856
269,272,7084,37128,18613,37128
270,273,7110,37401,18736,37401
271,274,7136,37675,18762,37675
272,275,7162,37950,18885,37950
273,276,7188,38226,18911,38226
274,277,7214,38503,19034,38503
275,278,7240,38781,19060,38781
276,279,7266,39060,19183,39060
277,280,7292,39340,19209,39340
278,281,7318,39621,19332,39621
279,282,7344,39903,19358,39903
280,283,7370,40186,19481,40186
281,284,7396,40470,19507,40470
282,285,7422,40755,19630,40755
283,286,7448,41041,19656,41041
284,287,7474,41328,19779,41328
285,288,7500,41616,19805,41616
286,289,7526,41905,19928,41905
287,290,7552,42195,19954,42195
288,291,7578,42486,20077,42486
289,292,7604,42778,20103,42778
290,293,7630,43071,20226,43071
291,294,7656,43365,20252,43365
292,295,7682,43660,20375,43660
293,296,7708,43956,20401,43956
294,297,7734,44253,20524,44253
295,298,7760,44551,20550,44551
296,299,7786,44850,20673,44850
297,300,7812,45150,20699,45150
298,301,7838,45451,20822,45451
299,302,7864,45753,20848,45753
300,303,7890,46056,20971,46056
301,304,7916,46360,20997,46360
302,305,7942,46665,21120,46665
303,306,7968,46971,21146,46971
304,307,7994,47278,21269,47278
305,308,8020,47586,21295,47586
306,309,8046,47895,21418,47895
307,310,8072,48205,21444,48205
308,311,8098,48516,21567,48516
309,312,8124,48828,21593,48828
310,313,8150,49141,21716,49141
311,314,8176,49455,21742,49455
312,315,8202,49770,21865,49770
313,316,8228,50086,21891,50086
314,317,8254,50403,22014,50403
315,318,8280,50721,22040,50721
316,319,8306,51040,22163,51040
317,320,8332,51360,22189,51360
318,321,8358,51681,22312,51681
319,322,8384,52003,22338,52003
320,323,8410,52326,22461,52326
321,324,8436,52650,22487,52650
322,325,8462,52975,22610,52975
323,326,8488,53301,22636,53301
324,327,8514,53628,22759,53628
325,328,8540,53956,22785,53956
326,329,8566,54285,22908,54285
327,330,8592,54615,22934,54615
328,331,8618,54946,23057,54946
329,332,8644,55278,23083,55278
330,333,8670,55611,23206,55611
331,334,8696,55945,23232,55945
332,335,8722,56280,23355,56280
333,336,8748,56616,23381,56616
334,337,8774,56953,23504,56953
335,338,8800,57291,23530,57291
336,339,8826,57630,23653,57630
337,340,8852,57970,23679,57970
338,341,8878,58311,23802,58311
339,342,8904,58653,23828,58653
340,343,8930,58996,23951,58996
341,344,8956,59340,23977,59340
342,345,8982,59685,24100,59685
343,346,9008,60031,24126,60031
344,347,9034,60378,24249,60378
345,348,9060,60726,24275,60726
346,349,9086,61075,24398,61075
347,350,9112,61425,24424,61425
348,351,9138,61776,24547,61776
349,352,9164,62128,24573,62128
350,353,9190,62481,24696,62481
351,354,9216,62835,24722,62835
352,355,9242,63190,24845,63190
353,356,9268,63546,24871,63546
354,357,9294,63903,24994,63903
355,358,9320,64261,25020,64261
356,359,9346,64620,25143,64620
357,360,9372,64980,25169,64980
358,361,9398,65341,25292,65341
359,362,9424,65703,25318,65703
360,363,9450,66066,25441,66066
361,364,9476,66430,25467,66430
362,365,9502,66795,25590,66795
363,366,9528,67161,25616,67161
364,367,9554,67528,25739,67528
365,368,9580,67896,25765,67896
366,369,9606,68265,25888,68265
367,370,9632,68635,25914,68635
368,371,9658,69006,26037,69006
369,372,9684,69378,26063,69378
370,373,9710,69751,26186,69751
371,374,9736,70125,26212,70125
372,375,9762,70500,26335,70500
373,376,9788,70876,26361,70876
374,377,9814,71253,26484,71253
375,378,9840,71631,26510,71631
376,379,9866,72010,26633,72010
377,380,9892,72390,26659,72390
378,381,9918,72771,26782,72771
379,382,9944,73153,26808,73153
380,383,9970,73536,26931,73536
381,384,9996,73920,26957,73920
382,385,10022,74305,27080,74305
383,386,10048,74691,27106,74691
384,387,10074,75078,27229,75078
385,388,10100,75466,27255,75466
386,389,10126,75855,27378,75855
387,390,10152,76245,27404,76245
388,391,10178,76636,27527,76636
389,392,10204,77028,27553,77028
390,393,10230,77421,27676,77421
391,394,10256,77815,27702,77815
392,395,10282,78210,27825,78210
393,396,10308,78606,27851,78606
394,397,10334,79003,27974,79003
395,398,10360,79401,28000,79401
396,399,10386,79800,28123,79800
397,400,10412,80200,28149,80200
398,401,10438,80601,28272,80601
399,402,10464,81003,28298,81003
400,403,10490,81406,28421,81406
401,404,10516,81810,28447,81810
402,405,10542,82215,28570,82215
403,406,10568,82621,28596,82621
404,407,10594,83028,28719,83028
405,408,10620,83436,28745,83436
406,409,10646,83845,28868,83845
407,410,10672,84255,28894,84255
408,411,10698,84666,29017,84666
409,412,10724,85078,29043,85078
410,413,10750,85491,29166,85491
411,414,10776,85905,29192,85905
412,415,10802,86320,29315,86320
413,416,10828,86736,29341,86736
414,417,10854,87153,29464,87153
415,418,10880,87571,29490,87571
416,419,10906,87990,29613,87990
417,420,10932,88410,29639,88410
418,421,10958,88831,29762,88831
419,422,10984,89253,29788,89253
420,423,11010,89676,29911,89676
421,424,11036,90100,29937,90100
422,425,11062,90525,30060,90525
423,426,11088,90951,30086,90951
424,427,11114,91378,30209,91378
425,428,11140,91806,30235,91806
426,429,11166,92235,30358,92235
427,430,11192,92665,30384,92665
428,431,11218,93096,30507,93096
429,432,11244,93528,30533,93528
430,433,11270,93961,30656,93961
431,434,11296,94395,30682,94395
432,435,11322,94830,30805,94830
433,436,11348,95266,30831,95266
434,437,11374,95703,30954,95703
435,438,11400,96141,30980,96141
436,439,11426,96580,31103,96580
437,440,11452,97020,31129,97020
438,441,11478,97461,31252,97461
439,442,11504,97903,31278,97903
440,443,11530,98346,31401,98346
441,444,11556,98790,31427,98790
442,445,11582,99235,31550,99235
443,446,11608,99681,31576,99681
444,447,11634,100128,31699,100128
445,448,11660,100576,31725,100576
446,449,11686,101025,31848,101025
447,450,11712,101475,31874,101475
448,451,11738,101926,31997,101926
449,452,11764,102378,32023,102378
450,453,11790,102831,32146,102831
451,454,11816,103285,32172,103285
452,455,11842,103740,32295,103740
453,456,11868,104196,32321,104196
454,457,11894,104653,32444,104653
455,458,11920,105111,32470,105111
456,459,11946,105570,32593,105570
457,460,11972,106030,32619,106030
458,461,11998,106491,32742,106491
459,462,12024,106953,32768,106953
460,463,12050,107416,32891,107416
461,464,12076,107880,32917,107880
462,465,12102,108345,33040,108345
463,466,12128,108811,33066,108811
464,467,12154,109278,33189,109278
465,468,12180,109746,33215,109746
466,469,12206,110215,33338,110215
467,470,12232,110685,33364,110685
468,471,12258,111156,33487,111156
469,472,12284,111628,33513,111628
470,473,12310,112101,33636,112101
471,474,12336,112575,33662,112575
472,475,12362,113050,33785,113050
473,476,12388,113526,33811,113526
474,477,12414,114003,33934,114003
475,478,12440,114481,33960,114481
476,479,12466,114960,34083,114960
477,480,12492,115440,34109,115440
478,481,12518,115921,34232,115921
479,482,12544,116403,34258,116403
480,483,12570,116886,34381,116886
481,484,12596,117370,34407,117370
482,485,12622,117855,34530,117855
483,486,12648,118341,34556,118341
484,487,12674,118828,34679,118828
485,488,12700,119316,34705,119316
486,489,12726,119805,34828,119805
487,490,12752,120295,34854,120295
488,491,12778,120786,34977,120786
489,492,12804,121278,35003,121278
490,493,12830,121771,35126,121771
491,494,12856,122265,35152,122265
492,495,12882,122760,35275,122760
493,496,12908,123256,35301,123256
494,497,12934,123753,35424,123753
495,498,12960,124251,35450,124251
496,499,12986,124750,35573,124750
497,500,13012,125250,35599,125250
498,501,13038,125751,35722,125751
499,502,13064,126253,35748,126253
500,503,13090,126756,35871,126756
501,504,13116,127260,35897,127260
502,505,13142,127765,36020,127765
503,506,13168,128271,36046,128271
504,507,13194,128778,36169,128778
505,508,13220,129286,36195,129286
506,509,13246,129795,36318,129795
507,510,13272,130305,36344,130305
508,511,13298,130816,36467,130816
